<?xml version="1.0" encoding="utf-8"?><svg xmlns="http://www.w3.org/2000/svg" xmlns:xlink="http://www.w3.org/1999/xlink" width="1920" height="969" preserveAspectRatio="xMidYMid" viewBox="0 0 1920 969" style="z-index:1;margin-right:-2px;display:block;animation-play-state:paused" ><g transform="" style="animation-play-state:paused" ><style type="text/css" style="animation-play-state:paused" >@keyframes ld-fall {
    0% { transform: translate(0,0px) rotate3d(1,1,1,0deg); }
    100% { transform: translate(0,969px) rotate3d(1,1,1,1080deg) ; }
  }
  .ld.ld-fall {
    animation: ld-fall 4s linear infinite;
    animation: ld-fall 1s linear infinite;
  }</style>

  
<g transform="translate(0 442.7011063114221)" style="transform:matrix(1, 0, 0, 1, 0, 442.701);animation-play-state:paused" ><g transform="translate(1535.32683032712 0)" style="transform:matrix(1, 0, 0, 1, 1535.33, 0);animation-play-state:paused" ><g class="ld ld-fall" style="transform:matrix(1, 0, 0, 1, 0, 0);animation-play-state:paused;animation-duration:2s" ><rect x="-4.527415175688233" y="-5.523559381416807" width="9.054830351376467" height="11.047118762833614" fill="#e6261f" style="transform:matrix(1.94763, 0, 0, 1.94763, 0, 0);animation-play-state:paused" ></rect></g></g>
<g transform="translate(1900.9233640187203 0)" style="transform:matrix(1, 0, 0, 1, 1900.92, 0);animation-play-state:paused" ><g class="ld ld-fall" style="transform:matrix3d(0.985247, 0.128163, -0.11341, 0, -0.11341, 0.985247, 0.128163, 0, 0.128163, -0.11341, 0.985247, 0, 0, 10.8348, 0, 1);animation-play-state:paused;animation-duration:4s;animation-delay:-0.0447257s" ><rect x="-4.9311795026360095" y="-3.7823520813123053" width="9.862359005272019" height="7.5647041626246105" fill="#d23be7" style="transform:matrix(1.57407, 0, 0, 1.57407, 0, 0);animation-play-state:paused" ></rect></g></g>
<g transform="translate(1195.4253245857537 0)" style="transform:matrix(1, 0, 0, 1, 1195.43, 0);animation-play-state:paused" ><g class="ld ld-fall" style="transform:matrix3d(0.477944, -0.302576, 0.824631, 0, 0.824631, 0.477944, -0.302576, 0, -0.302576, 0.824631, 0.477944, 0, 0, 253.49, 0, 1);animation-play-state:paused;animation-duration:2s;animation-delay:-2.5232s" ><rect x="-4.450137420862552" y="-4.735190420873211" width="8.900274841725103" height="9.470380841746422" fill="#d23be7" style="transform:matrix(2.13399, 0, 0, 2.13399, 0, 0);animation-play-state:paused" ></rect></g></g>
<g transform="translate(914.9674413263152 0)" style="transform:matrix(1, 0, 0, 1, 914.967, 0);animation-play-state:paused" ><g class="ld ld-fall" style="transform:matrix3d(0.319053, -0.236744, 0.917691, 0, 0.917691, 0.319053, -0.236744, 0, -0.236744, 0.917691, 0.319053, 0, 0, 241.149, 0, 1);animation-play-state:paused;animation-duration:4s;animation-delay:-0.995454s" ><rect x="-4.817154412767279" y="-4.737261031779429" width="9.634308825534559" height="9.474522063558858" fill="#a3e048" style="transform:matrix(2.06177, 0, 0, 2.06177, 0, 0);animation-play-state:paused" ></rect></g></g>
<g transform="translate(1189.1874429793347 0)" style="transform:matrix(1, 0, 0, 1, 1189.19, 0);animation-play-state:paused" ><g class="ld ld-fall" style="transform:matrix3d(0.99965, 0.0188811, -0.0185311, 0, -0.0185311, 0.99965, 0.0188811, 0, 0.0188811, -0.0185311, 0.99965, 0, 0, 324.666, 0, 1);animation-play-state:paused;animation-duration:4s;animation-delay:-1.34021s" ><rect x="-3.992320843591467" y="-3.523157897835876" width="7.984641687182934" height="7.046315795671752" fill="#eb7532" style="transform:matrix(2.31643, 0, 0, 2.31643, 0, 0);animation-play-state:paused" ></rect></g></g>
<g transform="translate(1130.7113775770283 0)" style="transform:matrix(1, 0, 0, 1, 1130.71, 0);animation-play-state:paused" ><g class="ld ld-fall" style="transform:matrix3d(0.800633, -0.312089, 0.511456, 0, 0.511456, 0.800633, -0.312089, 0, -0.312089, 0.511456, 0.800633, 0, 0, 605.179, 0, 1);animation-play-state:paused;animation-duration:4s;animation-delay:-2.49816s" ><rect x="-5.933412787119177" y="-3.7587030503391077" width="11.866825574238353" height="7.517406100678215" fill="#eb7532" style="transform:matrix(2.30417, 0, 0, 2.30417, 0, 0);animation-play-state:paused" ></rect></g></g>
<g transform="translate(965.423897651167 0)" style="transform:matrix(1, 0, 0, 1, 965.424, 0);animation-play-state:paused" ><g class="ld ld-fall" style="transform:matrix3d(0.975163, -0.143704, 0.168541, 0, 0.168541, 0.975163, -0.143704, 0, -0.143704, 0.168541, 0.975163, 0, 0, 631.924, 0, 1);animation-play-state:paused;animation-duration:2s;animation-delay:-1.30428s" ><rect x="-3.4622967013228556" y="-5.993680798090316" width="6.924593402645711" height="11.987361596180632" fill="#e6261f" style="transform:matrix(1.62761, 0, 0, 1.62761, 0, 0);animation-play-state:paused" ></rect></g></g>
<g transform="translate(530.2709458382401 0)" style="transform:matrix(1, 0, 0, 1, 530.271, 0);animation-play-state:paused" ><g class="ld ld-fall" style="transform:matrix3d(0.394481, 0.877676, -0.272157, 0, -0.272157, 0.394481, 0.877676, 0, 0.877676, -0.272157, 0.394481, 0, 0, 76.0282, 0, 1);animation-play-state:paused;animation-duration:4s;animation-delay:-0.313842s" ><rect x="-4.180534893747343" y="-5.038285455989745" width="8.361069787494687" height="10.07657091197949" fill="#f7d038" style="transform:matrix(1.86518, 0, 0, 1.86518, 0, 0);animation-play-state:paused" ></rect></g></g>
<g transform="translate(888.636170702664 0)" style="transform:matrix(1, 0, 0, 1, 888.636, 0);animation-play-state:paused" ><g class="ld ld-fall" style="transform:matrix3d(0.893711, -0.259611, 0.365899, 0, 0.365899, 0.893711, -0.259611, 0, -0.259611, 0.365899, 0.893711, 0, 0, 293.571, 0, 1);animation-play-state:paused;animation-duration:2s;animation-delay:-0.605926s" ><rect x="-5.6298942065129705" y="-4.7587097227707345" width="11.259788413025941" height="9.517419445541469" fill="#a3e048" style="transform:matrix(2.11757, 0, 0, 2.11757, 0, 0);animation-play-state:paused" ></rect></g></g>
<g transform="translate(314.6200346468886 0)" style="transform:matrix(1, 0, 0, 1, 314.62, 0);animation-play-state:paused" ><g class="ld ld-fall" style="transform:matrix3d(0.97424, -0.146061, 0.171821, 0, 0.171821, 0.97424, -0.146061, 0, -0.146061, 0.171821, 0.97424, 0, 0, 308.663, 0, 1);animation-play-state:paused;animation-duration:4s;animation-delay:-1.27415s" ><rect x="-3.3782682048965693" y="-3.293315873621684" width="6.756536409793139" height="6.586631747243368" fill="#34bbe6" style="transform:matrix(3.06609, 0, 0, 3.06609, 0, 0);animation-play-state:paused" ></rect></g></g>
<g transform="translate(298.58286341060705 0)" style="transform:matrix(1, 0, 0, 1, 298.583, 0);animation-play-state:paused" ><g class="ld ld-fall" style="transform:matrix3d(0.0226858, 0.999497, -0.0221823, 0, -0.0221823, 0.0226858, 0.999497, 0, 0.999497, -0.0221823, 0.0226858, 0, 0, 428.669, 0, 1);animation-play-state:paused;animation-duration:4s;animation-delay:-1.76953s" ><rect x="-4.8857624238302435" y="-4.906203185853917" width="9.771524847660487" height="9.812406371707834" fill="#a3e048" style="transform:matrix(3.44097, 0, 0, 3.44097, 0, 0);animation-play-state:paused" ></rect></g></g>
<g transform="translate(1395.4501109216155 0)" style="transform:matrix(1, 0, 0, 1, 1395.45, 0);animation-play-state:paused" ><g class="ld ld-fall" style="transform:matrix3d(-0.314944, 0.792142, 0.522801, 0, 0.522801, -0.314944, 0.792142, 0, 0.792142, 0.522801, -0.314944, 0, 0, 149.398, 0, 1);animation-play-state:paused;animation-duration:4s;animation-delay:-0.616708s" ><rect x="-4.526268484251219" y="-5.814593301150705" width="9.052536968502437" height="11.62918660230141" fill="#d23be7" style="transform:matrix(3.0563, 0, 0, 3.0563, 0, 0);animation-play-state:paused" ></rect></g></g>
<g transform="translate(887.4200458774742 0)" style="transform:matrix(1, 0, 0, 1, 887.42, 0);animation-play-state:paused" ><g class="ld ld-fall" style="transform:matrix3d(0.397302, -0.273337, 0.876035, 0, 0.876035, 0.397302, -0.273337, 0, -0.273337, 0.876035, 0.397302, 0, 0, 893.19, 0, 1);animation-play-state:paused;animation-duration:2s;animation-delay:-3.84353s" ><rect x="-3.4178085831932696" y="-4.081144210967268" width="6.835617166386539" height="8.162288421934536" fill="#34bbe6" style="transform:matrix(2.73403, 0, 0, 2.73403, 0, 0);animation-play-state:paused" ></rect></g></g>
<g transform="translate(118.85076800652641 0)" style="transform:matrix(1, 0, 0, 1, 118.851, 0);animation-play-state:paused" ><g class="ld ld-fall" style="transform:matrix3d(-0.236609, 0.917817, 0.318792, 0, 0.318792, -0.236609, 0.917817, 0, 0.917817, 0.318792, -0.236609, 0, 0, 456.462, 0, 1);animation-play-state:paused;animation-duration:4s;animation-delay:-1.88426s" ><rect x="-4.907159311850854" y="-3.2600204692532437" width="9.814318623701707" height="6.5200409385064875" fill="#4355db" style="transform:matrix(2.14565, 0, 0, 2.14565, 0, 0);animation-play-state:paused" ></rect></g></g>
<g transform="translate(840.6844253609916 0)" style="transform:matrix(1, 0, 0, 1, 840.684, 0);animation-play-state:paused" ><g class="ld ld-fall" style="transform:matrix3d(0.897332, 0.359168, -0.256501, 0, -0.256501, 0.897332, 0.359168, 0, 0.359168, -0.256501, 0.897332, 0, 0, 351.909, 0, 1);animation-play-state:paused;animation-duration:4s;animation-delay:-1.45267s" ><rect x="-4.9996571661625" y="-3.895351967484758" width="9.999314332325" height="7.790703934969516" fill="#d23be7" style="transform:matrix(1.7162, 0, 0, 1.7162, 0, 0);animation-play-state:paused" ></rect></g></g>
<g transform="translate(1606.0870889099135 0)" style="transform:matrix(1, 0, 0, 1, 1606.09, 0);animation-play-state:paused" ><g class="ld ld-fall" style="transform:matrix3d(0.963741, -0.169682, 0.205941, 0, 0.205941, 0.963741, -0.169682, 0, -0.169682, 0.205941, 0.963741, 0, 0, 951.967, 0, 1);animation-play-state:paused;animation-duration:4s;animation-delay:-3.92969s" ><rect x="-4.947424236729983" y="-4.157104763058416" width="9.894848473459966" height="8.314209526116832" fill="#4355db" style="transform:matrix(3.06566, 0, 0, 3.06566, 0, 0);animation-play-state:paused" ></rect></g></g>
<g transform="translate(224.98055742613403 0)" style="transform:matrix(1, 0, 0, 1, 224.981, 0);animation-play-state:paused" ><g class="ld ld-fall" style="transform:matrix3d(-0.148214, 0.174837, 0.973378, 0, 0.973378, -0.148214, 0.174837, 0, 0.174837, 0.973378, -0.148214, 0, 0, 523.757, 0, 1);animation-play-state:paused;animation-duration:4s;animation-delay:-2.16205s" ><rect x="-4.248497029269964" y="-3.1124405888120923" width="8.496994058539928" height="6.224881177624185" fill="#d23be7" style="transform:matrix(2.00313, 0, 0, 2.00313, 0, 0);animation-play-state:paused" ></rect></g></g>
<g transform="translate(306.65230908109606 0)" style="transform:matrix(1, 0, 0, 1, 306.652, 0);animation-play-state:paused" ><g class="ld ld-fall" style="transform:matrix3d(-0.324425, 0.568144, 0.756281, 0, 0.756281, -0.324425, 0.568144, 0, 0.568144, 0.756281, -0.324425, 0, 0, 492.913, 0, 1);animation-play-state:paused;animation-duration:4s;animation-delay:-2.03473s" ><rect x="-4.515502999567597" y="-5.020280962613748" width="9.031005999135195" height="10.040561925227497" fill="#e6261f" style="transform:matrix(2.93945, 0, 0, 2.93945, 0, 0);animation-play-state:paused" ></rect></g></g>
<g transform="translate(1645.3684212949768 0)" style="transform:matrix(1, 0, 0, 1, 1645.37, 0);animation-play-state:paused" ><g class="ld ld-fall" style="transform:matrix3d(-0.322056, 0.555285, 0.766771, 0, 0.766771, -0.322056, 0.555285, 0, 0.555285, 0.766771, -0.322056, 0, 0, 816.969, 0, 1);animation-play-state:paused;animation-duration:2s;animation-delay:-3.68621s" ><rect x="-4.459962019199544" y="-3.926636389273682" width="8.919924038399088" height="7.853272778547364" fill="#d23be7" style="transform:matrix(1.93584, 0, 0, 1.93584, 0, 0);animation-play-state:paused" ></rect></g></g>
<g transform="translate(703.940657686383 0)" style="transform:matrix(1, 0, 0, 1, 703.941, 0);animation-play-state:paused" ><g class="ld ld-fall" style="transform:matrix3d(0.994685, 0.0754164, -0.0701013, 0, -0.0701013, 0.994685, 0.0754164, 0, 0.0754164, -0.0701013, 0.994685, 0, 0, 6.49569, 0, 1);animation-play-state:paused;animation-duration:4s;animation-delay:-0.026814s" ><rect x="-5.3148700506639655" y="-4.374543751927467" width="10.629740101327931" height="8.749087503854934" fill="#f7d038" style="transform:matrix(2.73249, 0, 0, 2.73249, 0, 0);animation-play-state:paused" ></rect></g></g>
<g transform="translate(1781.2024480276389 0)" style="transform:matrix(1, 0, 0, 1, 1781.2, 0);animation-play-state:paused" ><g class="ld ld-fall" style="transform:matrix3d(0.945153, -0.201903, 0.25675, 0, 0.25675, 0.945153, -0.201903, 0, -0.201903, 0.25675, 0.945153, 0, 0, 948.002, 0, 1);animation-play-state:paused;animation-duration:2s;animation-delay:-1.95666s" ><rect x="-3.3167531842464903" y="-4.0105153207263955" width="6.633506368492981" height="8.021030641452791" fill="#34bbe6" style="transform:matrix(2.87706, 0, 0, 2.87706, 0, 0);animation-play-state:paused" ></rect></g></g>
<g transform="translate(489.592409721069 0)" style="transform:matrix(1, 0, 0, 1, 489.592, 0);animation-play-state:paused" ><g class="ld ld-fall" style="transform:matrix3d(0.97496, 0.169269, -0.144229, 0, -0.144229, 0.97496, 0.169269, 0, 0.169269, -0.144229, 0.97496, 0, 0, 14.1343, 0, 1);animation-play-state:paused;animation-duration:2s;animation-delay:-0.0291729s" ><rect x="-4.445693010958927" y="-5.84591677681722" width="8.891386021917855" height="11.69183355363444" fill="#eb7532" style="transform:matrix(1.80427, 0, 0, 1.80427, 0, 0);animation-play-state:paused" ></rect></g></g>
<g transform="translate(174.40051165399979 0)" style="transform:matrix(1, 0, 0, 1, 174.401, 0);animation-play-state:paused" ><g class="ld ld-fall" style="transform:matrix3d(0.998795, -0.0341015, 0.035307, 0, 0.035307, 0.998795, -0.0341015, 0, -0.0341015, 0.035307, 0.998795, 0, 0, 319.908, 0, 1);animation-play-state:paused;animation-duration:4s;animation-delay:-1.32057s" ><rect x="-5.903936371135089" y="-4.405806540417775" width="11.807872742270177" height="8.81161308083555" fill="#d23be7" style="transform:matrix(2.51204, 0, 0, 2.51204, 0, 0);animation-play-state:paused" ></rect></g></g>
<g transform="translate(1553.8709371540197 0)" style="transform:matrix(1, 0, 0, 1, 1553.87, 0);animation-play-state:paused" ><g class="ld ld-fall" style="transform:matrix3d(0.742996, -0.326982, 0.583986, 0, 0.583986, 0.742996, -0.326982, 0, -0.326982, 0.583986, 0.742996, 0, 0, 599.268, 0, 1);animation-play-state:paused;animation-duration:4s;animation-delay:-2.47376s" ><rect x="-4.87337958152868" y="-4.800091867267818" width="9.74675916305736" height="9.600183734535635" fill="#a3e048" style="transform:matrix(2.17601, 0, 0, 2.17601, 0, 0);animation-play-state:paused" ></rect></g></g>
<g transform="translate(1809.0986763108713 0)" style="transform:matrix(1, 0, 0, 1, 1809.1, 0);animation-play-state:paused" ><g class="ld ld-fall" style="transform:matrix3d(0.622028, 0.709394, -0.331422, 0, -0.331422, 0.622028, 0.709394, 0, 0.709394, -0.331422, 0.622028, 0, 0, 703.727, 0, 1);animation-play-state:paused;animation-duration:2s;animation-delay:-3.45248s" ><rect x="-3.5349943606105416" y="-5.3928292692406234" width="7.069988721221083" height="10.785658538481247" fill="#34bbe6" style="transform:matrix(2.54815, 0, 0, 2.54815, 0, 0);animation-play-state:paused" ></rect></g></g></g>

  
<g transform="translate(0 -526.2988936885779)" style="transform:matrix(1, 0, 0, 1, 0, -526.299);animation-play-state:paused" ><g transform="translate(1535.32683032712 0)" style="transform:matrix(1, 0, 0, 1, 1535.33, 0);animation-play-state:paused" ><g class="ld ld-fall" style="transform:matrix(1, 0, 0, 1, 0, 0);animation-play-state:paused;animation-duration:2s" ><rect x="-4.527415175688233" y="-5.523559381416807" width="9.054830351376467" height="11.047118762833614" fill="#e6261f" style="transform:matrix(1.94763, 0, 0, 1.94763, 0, 0);animation-play-state:paused" ></rect></g></g>
<g transform="translate(1900.9233640187203 0)" style="transform:matrix(1, 0, 0, 1, 1900.92, 0);animation-play-state:paused" ><g class="ld ld-fall" style="transform:matrix3d(0.985247, 0.128163, -0.11341, 0, -0.11341, 0.985247, 0.128163, 0, 0.128163, -0.11341, 0.985247, 0, 0, 10.8348, 0, 1);animation-play-state:paused;animation-duration:4s;animation-delay:-0.0447257s" ><rect x="-4.9311795026360095" y="-3.7823520813123053" width="9.862359005272019" height="7.5647041626246105" fill="#d23be7" style="transform:matrix(1.57407, 0, 0, 1.57407, 0, 0);animation-play-state:paused" ></rect></g></g>
<g transform="translate(1195.4253245857537 0)" style="transform:matrix(1, 0, 0, 1, 1195.43, 0);animation-play-state:paused" ><g class="ld ld-fall" style="transform:matrix3d(0.477944, -0.302576, 0.824631, 0, 0.824631, 0.477944, -0.302576, 0, -0.302576, 0.824631, 0.477944, 0, 0, 253.49, 0, 1);animation-play-state:paused;animation-duration:2s;animation-delay:-2.5232s" ><rect x="-4.450137420862552" y="-4.735190420873211" width="8.900274841725103" height="9.470380841746422" fill="#d23be7" style="transform:matrix(2.13399, 0, 0, 2.13399, 0, 0);animation-play-state:paused" ></rect></g></g>
<g transform="translate(914.9674413263152 0)" style="transform:matrix(1, 0, 0, 1, 914.967, 0);animation-play-state:paused" ><g class="ld ld-fall" style="transform:matrix3d(0.319053, -0.236744, 0.917691, 0, 0.917691, 0.319053, -0.236744, 0, -0.236744, 0.917691, 0.319053, 0, 0, 241.149, 0, 1);animation-play-state:paused;animation-duration:4s;animation-delay:-0.995454s" ><rect x="-4.817154412767279" y="-4.737261031779429" width="9.634308825534559" height="9.474522063558858" fill="#a3e048" style="transform:matrix(2.06177, 0, 0, 2.06177, 0, 0);animation-play-state:paused" ></rect></g></g>
<g transform="translate(1189.1874429793347 0)" style="transform:matrix(1, 0, 0, 1, 1189.19, 0);animation-play-state:paused" ><g class="ld ld-fall" style="transform:matrix3d(0.99965, 0.0188811, -0.0185311, 0, -0.0185311, 0.99965, 0.0188811, 0, 0.0188811, -0.0185311, 0.99965, 0, 0, 324.666, 0, 1);animation-play-state:paused;animation-duration:4s;animation-delay:-1.34021s" ><rect x="-3.992320843591467" y="-3.523157897835876" width="7.984641687182934" height="7.046315795671752" fill="#eb7532" style="transform:matrix(2.31643, 0, 0, 2.31643, 0, 0);animation-play-state:paused" ></rect></g></g>
<g transform="translate(1130.7113775770283 0)" style="transform:matrix(1, 0, 0, 1, 1130.71, 0);animation-play-state:paused" ><g class="ld ld-fall" style="transform:matrix3d(0.800633, -0.312089, 0.511456, 0, 0.511456, 0.800633, -0.312089, 0, -0.312089, 0.511456, 0.800633, 0, 0, 605.179, 0, 1);animation-play-state:paused;animation-duration:4s;animation-delay:-2.49816s" ><rect x="-5.933412787119177" y="-3.7587030503391077" width="11.866825574238353" height="7.517406100678215" fill="#eb7532" style="transform:matrix(2.30417, 0, 0, 2.30417, 0, 0);animation-play-state:paused" ></rect></g></g>
<g transform="translate(965.423897651167 0)" style="transform:matrix(1, 0, 0, 1, 965.424, 0);animation-play-state:paused" ><g class="ld ld-fall" style="transform:matrix3d(0.975163, -0.143704, 0.168541, 0, 0.168541, 0.975163, -0.143704, 0, -0.143704, 0.168541, 0.975163, 0, 0, 631.924, 0, 1);animation-play-state:paused;animation-duration:2s;animation-delay:-1.30428s" ><rect x="-3.4622967013228556" y="-5.993680798090316" width="6.924593402645711" height="11.987361596180632" fill="#e6261f" style="transform:matrix(1.62761, 0, 0, 1.62761, 0, 0);animation-play-state:paused" ></rect></g></g>
<g transform="translate(530.2709458382401 0)" style="transform:matrix(1, 0, 0, 1, 530.271, 0);animation-play-state:paused" ><g class="ld ld-fall" style="transform:matrix3d(0.394481, 0.877676, -0.272157, 0, -0.272157, 0.394481, 0.877676, 0, 0.877676, -0.272157, 0.394481, 0, 0, 76.0282, 0, 1);animation-play-state:paused;animation-duration:4s;animation-delay:-0.313842s" ><rect x="-4.180534893747343" y="-5.038285455989745" width="8.361069787494687" height="10.07657091197949" fill="#f7d038" style="transform:matrix(1.86518, 0, 0, 1.86518, 0, 0);animation-play-state:paused" ></rect></g></g>
<g transform="translate(888.636170702664 0)" style="transform:matrix(1, 0, 0, 1, 888.636, 0);animation-play-state:paused" ><g class="ld ld-fall" style="transform:matrix3d(0.893711, -0.259611, 0.365899, 0, 0.365899, 0.893711, -0.259611, 0, -0.259611, 0.365899, 0.893711, 0, 0, 293.571, 0, 1);animation-play-state:paused;animation-duration:2s;animation-delay:-0.605926s" ><rect x="-5.6298942065129705" y="-4.7587097227707345" width="11.259788413025941" height="9.517419445541469" fill="#a3e048" style="transform:matrix(2.11757, 0, 0, 2.11757, 0, 0);animation-play-state:paused" ></rect></g></g>
<g transform="translate(314.6200346468886 0)" style="transform:matrix(1, 0, 0, 1, 314.62, 0);animation-play-state:paused" ><g class="ld ld-fall" style="transform:matrix3d(0.97424, -0.146061, 0.171821, 0, 0.171821, 0.97424, -0.146061, 0, -0.146061, 0.171821, 0.97424, 0, 0, 308.663, 0, 1);animation-play-state:paused;animation-duration:4s;animation-delay:-1.27415s" ><rect x="-3.3782682048965693" y="-3.293315873621684" width="6.756536409793139" height="6.586631747243368" fill="#34bbe6" style="transform:matrix(3.06609, 0, 0, 3.06609, 0, 0);animation-play-state:paused" ></rect></g></g>
<g transform="translate(298.58286341060705 0)" style="transform:matrix(1, 0, 0, 1, 298.583, 0);animation-play-state:paused" ><g class="ld ld-fall" style="transform:matrix3d(0.0226858, 0.999497, -0.0221823, 0, -0.0221823, 0.0226858, 0.999497, 0, 0.999497, -0.0221823, 0.0226858, 0, 0, 428.669, 0, 1);animation-play-state:paused;animation-duration:4s;animation-delay:-1.76953s" ><rect x="-4.8857624238302435" y="-4.906203185853917" width="9.771524847660487" height="9.812406371707834" fill="#a3e048" style="transform:matrix(3.44097, 0, 0, 3.44097, 0, 0);animation-play-state:paused" ></rect></g></g>
<g transform="translate(1395.4501109216155 0)" style="transform:matrix(1, 0, 0, 1, 1395.45, 0);animation-play-state:paused" ><g class="ld ld-fall" style="transform:matrix3d(-0.314944, 0.792142, 0.522801, 0, 0.522801, -0.314944, 0.792142, 0, 0.792142, 0.522801, -0.314944, 0, 0, 149.398, 0, 1);animation-play-state:paused;animation-duration:4s;animation-delay:-0.616708s" ><rect x="-4.526268484251219" y="-5.814593301150705" width="9.052536968502437" height="11.62918660230141" fill="#d23be7" style="transform:matrix(3.0563, 0, 0, 3.0563, 0, 0);animation-play-state:paused" ></rect></g></g>
<g transform="translate(887.4200458774742 0)" style="transform:matrix(1, 0, 0, 1, 887.42, 0);animation-play-state:paused" ><g class="ld ld-fall" style="transform:matrix3d(0.397302, -0.273337, 0.876035, 0, 0.876035, 0.397302, -0.273337, 0, -0.273337, 0.876035, 0.397302, 0, 0, 893.19, 0, 1);animation-play-state:paused;animation-duration:2s;animation-delay:-3.84353s" ><rect x="-3.4178085831932696" y="-4.081144210967268" width="6.835617166386539" height="8.162288421934536" fill="#34bbe6" style="transform:matrix(2.73403, 0, 0, 2.73403, 0, 0);animation-play-state:paused" ></rect></g></g>
<g transform="translate(118.85076800652641 0)" style="transform:matrix(1, 0, 0, 1, 118.851, 0);animation-play-state:paused" ><g class="ld ld-fall" style="transform:matrix3d(-0.236609, 0.917817, 0.318792, 0, 0.318792, -0.236609, 0.917817, 0, 0.917817, 0.318792, -0.236609, 0, 0, 456.462, 0, 1);animation-play-state:paused;animation-duration:4s;animation-delay:-1.88426s" ><rect x="-4.907159311850854" y="-3.2600204692532437" width="9.814318623701707" height="6.5200409385064875" fill="#4355db" style="transform:matrix(2.14565, 0, 0, 2.14565, 0, 0);animation-play-state:paused" ></rect></g></g>
<g transform="translate(840.6844253609916 0)" style="transform:matrix(1, 0, 0, 1, 840.684, 0);animation-play-state:paused" ><g class="ld ld-fall" style="transform:matrix3d(0.897332, 0.359168, -0.256501, 0, -0.256501, 0.897332, 0.359168, 0, 0.359168, -0.256501, 0.897332, 0, 0, 351.909, 0, 1);animation-play-state:paused;animation-duration:4s;animation-delay:-1.45267s" ><rect x="-4.9996571661625" y="-3.895351967484758" width="9.999314332325" height="7.790703934969516" fill="#d23be7" style="transform:matrix(1.7162, 0, 0, 1.7162, 0, 0);animation-play-state:paused" ></rect></g></g>
<g transform="translate(1606.0870889099135 0)" style="transform:matrix(1, 0, 0, 1, 1606.09, 0);animation-play-state:paused" ><g class="ld ld-fall" style="transform:matrix3d(0.963741, -0.169682, 0.205941, 0, 0.205941, 0.963741, -0.169682, 0, -0.169682, 0.205941, 0.963741, 0, 0, 951.967, 0, 1);animation-play-state:paused;animation-duration:4s;animation-delay:-3.92969s" ><rect x="-4.947424236729983" y="-4.157104763058416" width="9.894848473459966" height="8.314209526116832" fill="#4355db" style="transform:matrix(3.06566, 0, 0, 3.06566, 0, 0);animation-play-state:paused" ></rect></g></g>
<g transform="translate(224.98055742613403 0)" style="transform:matrix(1, 0, 0, 1, 224.981, 0);animation-play-state:paused" ><g class="ld ld-fall" style="transform:matrix3d(-0.148214, 0.174837, 0.973378, 0, 0.973378, -0.148214, 0.174837, 0, 0.174837, 0.973378, -0.148214, 0, 0, 523.757, 0, 1);animation-play-state:paused;animation-duration:4s;animation-delay:-2.16205s" ><rect x="-4.248497029269964" y="-3.1124405888120923" width="8.496994058539928" height="6.224881177624185" fill="#d23be7" style="transform:matrix(2.00313, 0, 0, 2.00313, 0, 0);animation-play-state:paused" ></rect></g></g>
<g transform="translate(306.65230908109606 0)" style="transform:matrix(1, 0, 0, 1, 306.652, 0);animation-play-state:paused" ><g class="ld ld-fall" style="transform:matrix3d(-0.324425, 0.568144, 0.756281, 0, 0.756281, -0.324425, 0.568144, 0, 0.568144, 0.756281, -0.324425, 0, 0, 492.913, 0, 1);animation-play-state:paused;animation-duration:4s;animation-delay:-2.03473s" ><rect x="-4.515502999567597" y="-5.020280962613748" width="9.031005999135195" height="10.040561925227497" fill="#e6261f" style="transform:matrix(2.93945, 0, 0, 2.93945, 0, 0);animation-play-state:paused" ></rect></g></g>
<g transform="translate(1645.3684212949768 0)" style="transform:matrix(1, 0, 0, 1, 1645.37, 0);animation-play-state:paused" ><g class="ld ld-fall" style="transform:matrix3d(-0.322056, 0.555285, 0.766771, 0, 0.766771, -0.322056, 0.555285, 0, 0.555285, 0.766771, -0.322056, 0, 0, 816.969, 0, 1);animation-play-state:paused;animation-duration:2s;animation-delay:-3.68621s" ><rect x="-4.459962019199544" y="-3.926636389273682" width="8.919924038399088" height="7.853272778547364" fill="#d23be7" style="transform:matrix(1.93584, 0, 0, 1.93584, 0, 0);animation-play-state:paused" ></rect></g></g>
<g transform="translate(703.940657686383 0)" style="transform:matrix(1, 0, 0, 1, 703.941, 0);animation-play-state:paused" ><g class="ld ld-fall" style="transform:matrix3d(0.994685, 0.0754164, -0.0701013, 0, -0.0701013, 0.994685, 0.0754164, 0, 0.0754164, -0.0701013, 0.994685, 0, 0, 6.49569, 0, 1);animation-play-state:paused;animation-duration:4s;animation-delay:-0.026814s" ><rect x="-5.3148700506639655" y="-4.374543751927467" width="10.629740101327931" height="8.749087503854934" fill="#f7d038" style="transform:matrix(2.73249, 0, 0, 2.73249, 0, 0);animation-play-state:paused" ></rect></g></g>
<g transform="translate(1781.2024480276389 0)" style="transform:matrix(1, 0, 0, 1, 1781.2, 0);animation-play-state:paused" ><g class="ld ld-fall" style="transform:matrix3d(0.945153, -0.201903, 0.25675, 0, 0.25675, 0.945153, -0.201903, 0, -0.201903, 0.25675, 0.945153, 0, 0, 948.002, 0, 1);animation-play-state:paused;animation-duration:2s;animation-delay:-1.95666s" ><rect x="-3.3167531842464903" y="-4.0105153207263955" width="6.633506368492981" height="8.021030641452791" fill="#34bbe6" style="transform:matrix(2.87706, 0, 0, 2.87706, 0, 0);animation-play-state:paused" ></rect></g></g>
<g transform="translate(489.592409721069 0)" style="transform:matrix(1, 0, 0, 1, 489.592, 0);animation-play-state:paused" ><g class="ld ld-fall" style="transform:matrix3d(0.97496, 0.169269, -0.144229, 0, -0.144229, 0.97496, 0.169269, 0, 0.169269, -0.144229, 0.97496, 0, 0, 14.1343, 0, 1);animation-play-state:paused;animation-duration:2s;animation-delay:-0.0291729s" ><rect x="-4.445693010958927" y="-5.84591677681722" width="8.891386021917855" height="11.69183355363444" fill="#eb7532" style="transform:matrix(1.80427, 0, 0, 1.80427, 0, 0);animation-play-state:paused" ></rect></g></g>
<g transform="translate(174.40051165399979 0)" style="transform:matrix(1, 0, 0, 1, 174.401, 0);animation-play-state:paused" ><g class="ld ld-fall" style="transform:matrix3d(0.998795, -0.0341015, 0.035307, 0, 0.035307, 0.998795, -0.0341015, 0, -0.0341015, 0.035307, 0.998795, 0, 0, 319.908, 0, 1);animation-play-state:paused;animation-duration:4s;animation-delay:-1.32057s" ><rect x="-5.903936371135089" y="-4.405806540417775" width="11.807872742270177" height="8.81161308083555" fill="#d23be7" style="transform:matrix(2.51204, 0, 0, 2.51204, 0, 0);animation-play-state:paused" ></rect></g></g>
<g transform="translate(1553.8709371540197 0)" style="transform:matrix(1, 0, 0, 1, 1553.87, 0);animation-play-state:paused" ><g class="ld ld-fall" style="transform:matrix3d(0.742996, -0.326982, 0.583986, 0, 0.583986, 0.742996, -0.326982, 0, -0.326982, 0.583986, 0.742996, 0, 0, 599.268, 0, 1);animation-play-state:paused;animation-duration:4s;animation-delay:-2.47376s" ><rect x="-4.87337958152868" y="-4.800091867267818" width="9.74675916305736" height="9.600183734535635" fill="#a3e048" style="transform:matrix(2.17601, 0, 0, 2.17601, 0, 0);animation-play-state:paused" ></rect></g></g>
<g transform="translate(1809.0986763108713 0)" style="transform:matrix(1, 0, 0, 1, 1809.1, 0);animation-play-state:paused" ><g class="ld ld-fall" style="transform:matrix3d(0.622028, 0.709394, -0.331422, 0, -0.331422, 0.622028, 0.709394, 0, 0.709394, -0.331422, 0.622028, 0, 0, 703.727, 0, 1);animation-play-state:paused;animation-duration:2s;animation-delay:-3.45248s" ><rect x="-3.5349943606105416" y="-5.3928292692406234" width="7.069988721221083" height="10.785658538481247" fill="#34bbe6" style="transform:matrix(2.54815, 0, 0, 2.54815, 0, 0);animation-play-state:paused" ></rect></g></g></g></g></svg>